		contestNum    numResults  numHard     oneTry	  twoTry      threeTry	  fourTry     fiveTry	  sixTry      sevenTry	  mean
contestNum	[[ 1.         -0.82178691 -0.79787456 -0.23515054 -0.0173584  0.06716619  0.19528931 -0.05486912 -0.15890467 -0.0394936  -0.08088073]
numResults 	[-0.82178691  1.          0.92225184  0.34218253  0.11852703  0.04362355 -0.21169317 -0.07730801  0.08418034  0.03307908 -0.01214057]
numHard 	[-0.79787456  0.92225184  1.          0.29702895  0.12314274 -0.00389769 -0.24652427 -0.05593035  0.12453772  0.09179925  0.03691224]
oneTry 		[-0.23515054  0.34218253  0.29702895  1.          0.61820853  0.33523859 -0.27372179 -0.42403766 -0.21646694 -0.10304413 -0.39283872]
twoTry 		[-0.0173584   0.11852703  0.12314274  0.61820853  1.          0.75527864 -0.15832122 -0.7949491  -0.59019757 -0.28259268 -0.76539548]
threeTry 	[ 0.06716619  0.04362355 -0.00389769  0.33523859  0.75527864  1.          0.33289725 -0.89240531 -0.88072575 -0.51464078 -0.92389625]
fourTry 	[ 0.19528931 -0.21169317 -0.24652427 -0.27372179 -0.15832122  0.33289725  1.         -0.04767388 -0.63922483 -0.66401797 -0.41377882]
fiveTry 	[-0.05486912 -0.07730801 -0.05593035 -0.42403766 -0.7949491  -0.89240531 -0.04767388  1.          0.69393922  0.12451261  0.7557598 ]
sixTry 		[-0.15890467  0.08418034  0.12453772 -0.21646694 -0.59019757 -0.88072575 -0.63922483  0.69393922  1.          0.65450803  0.929829  ]
sevenTry	[-0.0394936   0.03307908  0.09179925 -0.10304413 -0.28259268 -0.51464078 -0.66401797  0.12451261  0.65450803  1.          0.70143036]
mean	 	[-0.08088073 -0.01214057  0.03691224 -0.39283872 -0.76539548 -0.92389625 -0.41377882  0.7557598   0.929829    0.70143036  1.        ]]